0.01 -1 -1 -1.0
0.02 -1 -1 -1.0
0.03 -1 -1 -1.0
0.04 -1 -1 -1.0
0.05 -1 -1 -1.0
0.06 -1 -1 -1.0
0.07 -1 -1 -1.0
0.08 -1 -1 -1.0
0.09 -0.999454 -1.00039 -0.9999199999999998
0.1 -0.999024 -1.00066 -0.9998400000000002
0.11 -0.99947 -1.00018 -0.9998239999999999
0.12 -0.997797 -1.00086 -0.999328
0.13 -0.998019 -1.00028 -0.9991519999999999
0.14 -0.996532 -1.00084 -0.9986879999999999
0.15 -0.995624 -0.99916 -0.997392
0.16 -0.99224 -0.998704 -0.995472
0.17 -0.99043 -0.997826 -0.9941279999999999
0.18 -0.987139 -0.995997 -0.9915680000000002
0.19 -0.984128 -0.99504 -0.989584
0.2 -0.981075 -0.991853 -0.986464
0.21 -0.974621 -0.988803 -0.9817120000000001
0.22 -0.974725 -0.983739 -0.979232
0.23 -0.967749 -0.981691 -0.9747200000000001
0.24 -0.957086 -0.979714 -0.9683999999999999
0.25 -0.954655 -0.970241 -0.962448
0.26 -0.950158 -0.966866 -0.958512
0.27 -0.942312 -0.959096 -0.950704
0.28 -0.93273 -0.95479 -0.9437599999999999
0.29 -0.926186 -0.952726 -0.9394559999999998
0.3 -0.920193 -0.943743 -0.9319680000000001
0.31 -0.914409 -0.932759 -0.923584
0.32 -0.909641 -0.923767 -0.916704
0.33 -0.892998 -0.923258 -0.9081279999999999
0.34 -0.885283 -0.919453 -0.9023680000000001
0.35000000000000003 -0.875829 -0.914347 -0.8950880000000001
0.36 -0.868189 -0.908739 -0.8884640000000001
0.37 -0.872924 -0.89578 -0.884352
0.38 -0.861305 -0.887239 -0.874272
0.39 -0.850541 -0.883315 -0.866928
0.4 -0.837155 -0.879485 -0.85832
0.41000000000000003 -0.834621 -0.871907 -0.853264
0.42 -0.8228 -0.863216 -0.843008
0.43 -0.824268 -0.845972 -0.8351200000000001
0.44 -0.815043 -0.847421 -0.831232
0.45 -0.804174 -0.841234 -0.8227040000000001
0.46 -0.794219 -0.837589 -0.8159040000000001
0.47000000000000003 -0.800366 -0.823218 -0.811792
0.48 -0.788371 -0.828973 -0.808672
0.49 -0.789471 -0.815457 -0.802464
0.5 -0.765217 -0.819231 -0.7922239999999999
0.51 -0.770002 -0.809742 -0.789872
0.52 -0.761191 -0.806393 -0.7837920000000002
0.53 -0.765319 -0.797017 -0.7811680000000001
0.54 -0.763412 -0.79006 -0.7767359999999999
0.55 -0.75195 -0.788626 -0.770288
0.56 -0.744098 -0.790942 -0.76752
0.5700000000000001 -0.742147 -0.775005 -0.758576
0.58 -0.735458 -0.775902 -0.75568
0.59 -0.73031 -0.766874 -0.748592
0.6 -0.727056 -0.765584 -0.74632
0.61 -0.721207 -0.762185 -0.7416959999999999
0.62 -0.707866 -0.76263 -0.735248
0.63 -0.709257 -0.753239 -0.7312479999999999
0.64 -0.719028 -0.746796 -0.732912
0.65 -0.706284 -0.742324 -0.724304
0.66 -0.699806 -0.746594 -0.7232000000000001
0.67 -0.696098 -0.738558 -0.717328
0.68 -0.695816 -0.728664 -0.71224
0.6900000000000001 -0.691548 -0.722052 -0.7068000000000001
0.7000000000000001 -0.682645 -0.722635 -0.7026399999999999
0.71 -0.674428 -0.724932 -0.6996799999999999
0.72 -0.679622 -0.716762 -0.6981919999999999
0.73 -0.677171 -0.710253 -0.693712
0.74 -0.667907 -0.719997 -0.693952
0.75 -0.666893 -0.703283 -0.6850880000000001
0.76 -0.661892 -0.705052 -0.683472
0.77 -0.66487 -0.70377 -0.6843199999999999
0.78 -0.658917 -0.691931 -0.6754239999999999
0.79 -0.652648 -0.703064 -0.677856
0.8 -0.651956 -0.699788 -0.675872
0.81 -0.649351 -0.701529 -0.67544
0.8200000000000001 -0.647962 -0.68951 -0.6687359999999999
0.8300000000000001 -0.648546 -0.685822 -0.667184
0.84 -0.646165 -0.680651 -0.6634080000000001
0.85 -0.641671 -0.682649 -0.6621600000000001
0.86 -0.631387 -0.690213 -0.6607999999999999
0.87 -0.635026 -0.681262 -0.6581440000000001
0.88 -0.618448 -0.685168 -0.651808
0.89 -0.622984 -0.673016 -0.648
0.9 -0.624258 -0.669854 -0.647056
0.91 -0.622342 -0.664058 -0.6432
0.92 -0.625115 -0.670565 -0.64784
0.93 -0.622512 -0.660336 -0.641424
0.9400000000000001 -0.618306 -0.65907 -0.6386879999999999
0.9500000000000001 -0.621142 -0.650346 -0.6357440000000001
0.96 -0.62306 -0.651628 -0.6373439999999999
0.97 -0.610185 -0.662007 -0.636096
0.98 -0.60846 -0.660596 -0.6345280000000001
0.99 -0.611788 -0.657844 -0.6348159999999999
1.0 -0.603615 -0.652993 -0.6283040000000002
1.01 -0.606107 -0.646597 -0.626352
1.02 -0.599133 -0.648355 -0.623744
1.03 -0.600127 -0.646401 -0.623264
1.04 -0.597372 -0.649412 -0.6233920000000001
1.05 -0.596268 -0.638196 -0.6172319999999999
1.06 -0.593313 -0.639071 -0.6161920000000001
1.07 -0.593926 -0.636218 -0.6150720000000001
1.08 -0.587641 -0.643879 -0.6157600000000001
1.09 -0.584693 -0.643755 -0.6142239999999999
1.1 -0.61013 -0.62891 -0.61952
1.11 -0.584096 -0.62768 -0.605888
1.12 -0.587768 -0.628104 -0.607936
1.1300000000000001 -0.584336 -0.63352 -0.6089279999999999
1.1400000000000001 -0.590755 -0.619837 -0.605296
1.1500000000000001 -0.590302 -0.623106 -0.6067039999999999
1.16 -0.573109 -0.626955 -0.600032
1.17 -0.57666 -0.627564 -0.602112
1.18 -0.569726 -0.63037 -0.600048
1.19 -0.568638 -0.636162 -0.6024
1.2 -0.573221 -0.615067 -0.594144
1.21 -0.571494 -0.613978 -0.592736
1.22 -0.568466 -0.624686 -0.596576
1.23 -0.576277 -0.617003 -0.5966400000000001
1.24 -0.576311 -0.616649 -0.59648
1.25 -0.563823 -0.617041 -0.590432
1.26 -0.574676 -0.59982 -0.587248
1.27 -0.56397 -0.61059 -0.58728
1.28 -0.574179 -0.607165 -0.590672
1.29 -0.568734 -0.609858 -0.589296
1.3 -0.572742 -0.597242 -0.584992
1.31 -0.573096 -0.599032 -0.586064
1.32 -0.562328 -0.60372 -0.5830240000000001
1.33 -0.554486 -0.610026 -0.5822559999999999
1.34 -0.55522 -0.605772 -0.580496
1.35 -0.55489 -0.601622 -0.5782559999999999
1.36 -0.552679 -0.605049 -0.578864
1.37 -0.54746 -0.605724 -0.576592
1.3800000000000001 -0.554482 -0.599054 -0.5767680000000001
1.3900000000000001 -0.556732 -0.59978 -0.5782559999999999
1.4000000000000001 -0.552045 -0.599795 -0.5759200000000002
1.41 -0.546709 -0.602475 -0.574592
1.42 -0.56044 -0.597128 -0.578784
1.43 -0.541223 -0.602233 -0.571728
1.44 -0.547083 -0.597877 -0.5724800000000001
1.45 -0.553065 -0.591895 -0.57248
1.46 -0.548135 -0.599833 -0.5739839999999999
1.47 -0.537139 -0.602413 -0.5697760000000001
1.48 -0.54891 -0.58789 -0.5684000000000001
1.49 -0.53684 -0.594968 -0.565904
1.5 -0.537049 -0.600551 -0.5687999999999999
