0.01 -1.0 -1.0 -1.0 -1.0 -1.0 -1.0 -1.0 -1.0 -1.0 -1.0 -1.0
0.02 -1.0 -1.0 -1.0 -1.0 -1.0 -1.0 -1.0 -1.0 -1.0 -1.0 -1.0
0.03 -1.0 -1.0 -1.0 -1.0 -1.0 -1.0 -1.0 -1.0 -1.0 -1.0 -1.0
0.04 -1.0 -1.0 -1.0 -1.0 -1.0 -1.0 -1.0 -1.0 -1.0 -1.0 -1.0
0.05 -1.0 -1.0 -1.0 -1.0 -1.0 -1.0 -1.0 -1.0 -1.0 -1.0 -1.0
0.06 -1.0 -1.0 -1.0 -1.0 -1.0 -1.0 -1.0 -1.0 -1.0 -1.0 -1.0
0.07 -1.0 -1.0 -1.0 -1.0 -1.0 -1.0 -1.0 -1.0 -1.0 -1.0 -1.0
0.08 -1.0 -1.0 -1.0 -1.0 -1.0 -1.0 -1.0 -1.0 -1.0 -1.0 -1.0
0.09 -1.0 -0.99984 -0.99952 -1.0 -1.0 -1.0 -0.99984 -1.0 -1.0 -1.0 -0.9999199999999998
0.1 -1.0 -1.0 -0.99952 -1.0 -0.99984 -1.0 -1.0 -0.9992 -1.0 -0.99984 -0.9998400000000002
0.11 -0.99984 -0.99968 -0.99968 -0.99984 -1.0 -0.99984 -0.99984 -1.0 -0.99984 -0.99968 -0.9998239999999999
0.12 -1.0 -0.99936 -0.99952 -0.99968 -0.99936 -0.9984 -0.99856 -0.99936 -0.9992 -0.99984 -0.999328
0.13 -0.9992 -1.0 -0.99904 -0.99936 -0.9992 -0.9992 -0.99888 -0.99856 -0.9992 -0.99888 -0.9991519999999999
0.14 -0.99936 -0.9992 -0.99904 -0.99936 -0.99888 -0.99856 -0.99824 -0.9992 -0.99728 -0.99776 -0.9986879999999999
0.15 -0.99712 -0.99696 -0.99792 -0.9968 -0.9976 -0.9976 -0.99792 -0.99744 -0.99632 -0.99824 -0.997392
0.16 -0.9944 -0.99456 -0.99504 -0.9968 -0.99664 -0.99536 -0.99392 -0.99552 -0.99712 -0.99536 -0.995472
0.17 -0.99232 -0.99584 -0.99392 -0.9928 -0.99456 -0.99424 -0.99376 -0.99616 -0.99456 -0.99312 -0.9941279999999999
0.18 -0.99424 -0.992 -0.98944 -0.99232 -0.99136 -0.99248 -0.98976 -0.9912 -0.99264 -0.99024 -0.9915680000000002
0.19 -0.99008 -0.98592 -0.99008 -0.98896 -0.98976 -0.99088 -0.98848 -0.99296 -0.98864 -0.99008 -0.989584
0.2 -0.98736 -0.98592 -0.9856 -0.9896 -0.98656 -0.984 -0.98416 -0.98544 -0.98832 -0.98768 -0.986464
0.21 -0.98512 -0.97936 -0.98304 -0.9816 -0.98096 -0.98528 -0.97808 -0.98112 -0.97984 -0.98272 -0.9817120000000001
0.22 -0.9808 -0.9784 -0.9776 -0.9784 -0.97776 -0.98128 -0.98 -0.98112 -0.97952 -0.97744 -0.979232
0.23 -0.97648 -0.9784 -0.97104 -0.97216 -0.97616 -0.97296 -0.97696 -0.97472 -0.97488 -0.97344 -0.9747200000000001
0.24 -0.96336 -0.97056 -0.97056 -0.97184 -0.97472 -0.9664 -0.97008 -0.96544 -0.96768 -0.96336 -0.9683999999999999
0.25 -0.96016 -0.96336 -0.9632 -0.9608 -0.96672 -0.96384 -0.96416 -0.95728 -0.9616 -0.96336 -0.962448
0.26 -0.95728 -0.9592 -0.95808 -0.9632 -0.95456 -0.95744 -0.96064 -0.95648 -0.956 -0.96224 -0.958512
0.27 -0.95408 -0.94704 -0.94992 -0.95136 -0.95248 -0.9504 -0.9464 -0.94976 -0.95536 -0.95024 -0.950704
0.28 -0.94544 -0.944 -0.93984 -0.93984 -0.9464 -0.94064 -0.9472 -0.944 -0.9504 -0.93984 -0.9437599999999999
0.29 -0.94016 -0.94208 -0.93856 -0.94096 -0.93232 -0.94496 -0.94336 -0.9432 -0.9328 -0.93616 -0.9394559999999998
0.3 -0.92656 -0.93232 -0.93008 -0.9312 -0.9272 -0.93536 -0.93648 -0.93088 -0.93888 -0.93072 -0.9319680000000001
0.31 -0.92672 -0.92912 -0.91952 -0.92304 -0.92672 -0.92304 -0.92192 -0.92176 -0.92032 -0.92368 -0.923584
0.32 -0.92016 -0.91872 -0.91968 -0.91344 -0.9168 -0.91648 -0.91424 -0.91632 -0.91728 -0.91392 -0.916704
0.33 -0.9104 -0.91008 -0.91648 -0.908 -0.89824 -0.90192 -0.9112 -0.90704 -0.908 -0.90992 -0.9081279999999999
0.34 -0.90384 -0.89552 -0.90048 -0.8968 -0.89984 -0.91312 -0.896 -0.90416 -0.90656 -0.90736 -0.9023680000000001
0.35000000000000003 -0.89248 -0.908 -0.89552 -0.89616 -0.89664 -0.88352 -0.89712 -0.89696 -0.888 -0.89648 -0.8950880000000001
0.36 -0.88592 -0.8984 -0.88784 -0.8832 -0.89152 -0.88816 -0.89824 -0.88944 -0.8864 -0.87552 -0.8884640000000001
0.37 -0.88304 -0.88496 -0.8864 -0.87984 -0.89104 -0.88224 -0.87888 -0.88912 -0.88304 -0.88496 -0.884352
0.38 -0.88224 -0.8768 -0.87648 -0.87184 -0.86656 -0.8752 -0.8696 -0.87504 -0.876 -0.87296 -0.874272
0.39 -0.87248 -0.86144 -0.85856 -0.86048 -0.87168 -0.86848 -0.86464 -0.86624 -0.87248 -0.8728 -0.866928
0.4 -0.864 -0.8528 -0.87088 -0.8592 -0.86256 -0.84624 -0.85776 -0.86048 -0.85072 -0.85856 -0.85832
0.41000000000000003 -0.84896 -0.85168 -0.8576 -0.84944 -0.85792 -0.84336 -0.85728 -0.85648 -0.84656 -0.86336 -0.853264
0.42 -0.84832 -0.84128 -0.83632 -0.84544 -0.84272 -0.83504 -0.8552 -0.83344 -0.84496 -0.84736 -0.843008
0.43 -0.83584 -0.84144 -0.83184 -0.8336 -0.82976 -0.83328 -0.832 -0.83776 -0.8384 -0.83728 -0.8351200000000001
0.44 -0.82736 -0.83648 -0.83824 -0.82752 -0.83424 -0.83712 -0.82816 -0.8328 -0.82896 -0.82144 -0.831232
0.45 -0.82176 -0.8264 -0.82496 -0.82848 -0.81632 -0.83424 -0.81296 -0.82096 -0.82256 -0.8184 -0.8227040000000001
0.46 -0.81616 -0.812 -0.8232 -0.81632 -0.81952 -0.8224 -0.81792 -0.80672 -0.8232 -0.8016 -0.8159040000000001
0.47000000000000003 -0.81712 -0.80864 -0.81152 -0.80832 -0.80704 -0.81872 -0.80976 -0.81088 -0.81392 -0.812 -0.811792
0.48 -0.79888 -0.81088 -0.8104 -0.81408 -0.80352 -0.80224 -0.8008 -0.81632 -0.8176 -0.812 -0.808672
0.49 -0.80464 -0.80656 -0.80368 -0.80752 -0.80448 -0.80528 -0.80256 -0.79456 -0.79776 -0.7976 -0.802464
0.5 -0.78672 -0.79024 -0.80192 -0.78608 -0.80272 -0.79584 -0.80384 -0.77664 -0.78448 -0.79376 -0.7922239999999999
0.51 -0.79072 -0.79248 -0.7904 -0.78976 -0.784 -0.7888 -0.80352 -0.79072 -0.7912 -0.77712 -0.789872
0.52 -0.78144 -0.77456 -0.78608 -0.78736 -0.80144 -0.77552 -0.78096 -0.7808 -0.78608 -0.78368 -0.7837920000000002
0.53 -0.77632 -0.77616 -0.77408 -0.7896 -0.78224 -0.78368 -0.78576 -0.7824 -0.78576 -0.77568 -0.7811680000000001
0.54 -0.77776 -0.77424 -0.77472 -0.7768 -0.77824 -0.7688 -0.77424 -0.7848 -0.78208 -0.77568 -0.7767359999999999
0.55 -0.77056 -0.77904 -0.76448 -0.7664 -0.7672 -0.77856 -0.77648 -0.76432 -0.76304 -0.7728 -0.770288
0.56 -0.7688 -0.7664 -0.75168 -0.78224 -0.76416 -0.77424 -0.77024 -0.76528 -0.76448 -0.76768 -0.76752
0.5700000000000001 -0.75968 -0.76912 -0.75968 -0.7576 -0.74832 -0.75936 -0.75968 -0.752 -0.76 -0.76032 -0.758576
0.58 -0.76128 -0.75344 -0.75408 -0.74432 -0.75424 -0.75136 -0.75104 -0.76032 -0.7688 -0.75792 -0.75568
0.59 -0.74512 -0.75296 -0.74048 -0.75328 -0.74448 -0.75088 -0.75936 -0.74896 -0.74 -0.7504 -0.748592
0.6 -0.74816 -0.7424 -0.74608 -0.7448 -0.7456 -0.73632 -0.74864 -0.73952 -0.75872 -0.75296 -0.74632
0.61 -0.74928 -0.74848 -0.75216 -0.73712 -0.7392 -0.74208 -0.744 -0.73008 -0.73696 -0.7376 -0.7416959999999999
0.62 -0.73024 -0.728 -0.74368 -0.74224 -0.74912 -0.73936 -0.72496 -0.73424 -0.72064 -0.74 -0.735248
0.63 -0.72432 -0.73776 -0.73568 -0.71792 -0.73776 -0.72624 -0.72864 -0.74224 -0.7304 -0.73152 -0.7312479999999999
0.64 -0.72976 -0.728 -0.74208 -0.7344 -0.73184 -0.73344 -0.73472 -0.73712 -0.72592 -0.73184 -0.732912
0.65 -0.72912 -0.72176 -0.71824 -0.71984 -0.72576 -0.72352 -0.716 -0.73632 -0.72896 -0.72352 -0.724304
0.66 -0.73088 -0.72592 -0.71904 -0.73168 -0.7104 -0.73104 -0.71296 -0.72656 -0.71696 -0.72656 -0.7232000000000001
0.67 -0.7152 -0.72144 -0.72112 -0.71728 -0.70608 -0.73216 -0.71856 -0.71808 -0.7128 -0.71056 -0.717328
0.68 -0.70816 -0.7144 -0.71376 -0.71712 -0.7024 -0.71664 -0.70928 -0.72112 -0.71152 -0.708 -0.71224
0.6900000000000001 -0.70608 -0.70368 -0.70864 -0.7048 -0.70784 -0.70672 -0.7008 -0.70816 -0.70208 -0.7192 -0.7068000000000001
0.7000000000000001 -0.69984 -0.708 -0.70624 -0.70256 -0.70496 -0.69968 -0.70672 -0.6856 -0.70704 -0.70576 -0.7026399999999999
0.71 -0.70144 -0.68208 -0.70144 -0.71376 -0.69744 -0.70512 -0.69776 -0.704 -0.69184 -0.70192 -0.6996799999999999
0.72 -0.69744 -0.70288 -0.69184 -0.69504 -0.6968 -0.6976 -0.71312 -0.69776 -0.69808 -0.69136 -0.6981919999999999
0.73 -0.69072 -0.68032 -0.6928 -0.69952 -0.6992 -0.69744 -0.69296 -0.69616 -0.69408 -0.69392 -0.693712
0.74 -0.67792 -0.6944 -0.692 -0.69968 -0.70016 -0.69312 -0.71072 -0.69088 -0.68656 -0.69408 -0.693952
0.75 -0.67536 -0.688 -0.68 -0.68496 -0.68496 -0.6904 -0.696 -0.68384 -0.67872 -0.68864 -0.6850880000000001
0.76 -0.68 -0.68976 -0.68672 -0.68368 -0.67296 -0.67728 -0.69088 -0.67536 -0.68304 -0.69504 -0.683472
0.77 -0.69744 -0.68192 -0.67936 -0.68368 -0.67648 -0.6768 -0.68304 -0.68576 -0.69056 -0.68816 -0.6843199999999999
0.78 -0.66976 -0.67376 -0.6784 -0.6744 -0.68352 -0.6776 -0.67392 -0.67824 -0.68032 -0.66432 -0.6754239999999999
0.79 -0.66352 -0.68464 -0.68144 -0.66592 -0.67376 -0.68704 -0.6848 -0.67792 -0.68576 -0.67376 -0.677856
0.8 -0.67344 -0.68544 -0.67184 -0.67008 -0.67328 -0.67328 -0.69424 -0.66768 -0.67328 -0.67616 -0.675872
0.81 -0.68304 -0.6768 -0.67936 -0.68304 -0.68096 -0.67136 -0.65312 -0.67568 -0.6744 -0.67664 -0.67544
0.8200000000000001 -0.66272 -0.6624 -0.67424 -0.67936 -0.6576 -0.66704 -0.67728 -0.67008 -0.67056 -0.66608 -0.6687359999999999
0.8300000000000001 -0.67136 -0.66704 -0.67264 -0.67536 -0.65696 -0.67184 -0.65696 -0.66752 -0.66608 -0.66608 -0.667184
0.84 -0.65552 -0.66736 -0.65968 -0.66288 -0.65776 -0.66512 -0.6688 -0.66416 -0.67424 -0.65856 -0.6634080000000001
0.85 -0.66096 -0.67168 -0.65776 -0.65888 -0.67536 -0.65824 -0.66336 -0.66288 -0.652 -0.66048 -0.6621600000000001
0.86 -0.66832 -0.66736 -0.63824 -0.66592 -0.65072 -0.6712 -0.6592 -0.664 -0.66336 -0.65968 -0.6607999999999999
0.87 -0.65584 -0.67184 -0.64864 -0.64864 -0.656 -0.66256 -0.66016 -0.6664 -0.65056 -0.6608 -0.6581440000000001
0.88 -0.65776 -0.64864 -0.63888 -0.6632 -0.65312 -0.65808 -0.63344 -0.66704 -0.65744 -0.64048 -0.651808
0.89 -0.65904 -0.64176 -0.64 -0.65616 -0.65392 -0.64432 -0.64736 -0.63264 -0.65008 -0.65472 -0.648
0.9 -0.6544 -0.64704 -0.63744 -0.64272 -0.65552 -0.65616 -0.65504 -0.64384 -0.63808 -0.64032 -0.647056
0.91 -0.64448 -0.64512 -0.64048 -0.64656 -0.63936 -0.63504 -0.63632 -0.6488 -0.63776 -0.65808 -0.6432
0.92 -0.65072 -0.65072 -0.64432 -0.6376 -0.6544 -0.63808 -0.6472 -0.65968 -0.65504 -0.64064 -0.64784
0.93 -0.64608 -0.63472 -0.6296 -0.6376 -0.63952 -0.64144 -0.64848 -0.64896 -0.64128 -0.64656 -0.641424
0.9400000000000001 -0.62928 -0.64288 -0.63056 -0.63632 -0.63328 -0.64672 -0.63488 -0.64064 -0.64352 -0.6488 -0.6386879999999999
0.9500000000000001 -0.63456 -0.632 -0.632 -0.62832 -0.6384 -0.6336 -0.63632 -0.63616 -0.64528 -0.6408 -0.6357440000000001
0.96 -0.63312 -0.63872 -0.64784 -0.63536 -0.64048 -0.63248 -0.64016 -0.63808 -0.63392 -0.63328 -0.6373439999999999
0.97 -0.64416 -0.62832 -0.63616 -0.64048 -0.61648 -0.6416 -0.63648 -0.64528 -0.63232 -0.63968 -0.636096
0.98 -0.62768 -0.64032 -0.63856 -0.6256 -0.63008 -0.6528 -0.63008 -0.62448 -0.63968 -0.636 -0.6345280000000001
0.99 -0.62704 -0.63568 -0.64448 -0.63008 -0.64016 -0.64432 -0.62224 -0.63216 -0.63024 -0.64176 -0.6348159999999999
1.0 -0.6408 -0.63296 -0.63312 -0.63072 -0.62096 -0.62368 -0.62464 -0.63712 -0.62592 -0.61312 -0.6283040000000002
1.01 -0.624 -0.62464 -0.62608 -0.62048 -0.61728 -0.63984 -0.62064 -0.63328 -0.62624 -0.63104 -0.626352
1.02 -0.61584 -0.62064 -0.61968 -0.61664 -0.63056 -0.62528 -0.61552 -0.62816 -0.64192 -0.6232 -0.623744
1.03 -0.61648 -0.63184 -0.62752 -0.62144 -0.63472 -0.63008 -0.61968 -0.62432 -0.61456 -0.612 -0.623264
1.04 -0.62848 -0.6352 -0.62048 -0.61872 -0.63648 -0.62928 -0.61936 -0.62176 -0.61264 -0.61152 -0.6233920000000001
1.05 -0.6208 -0.6272 -0.62304 -0.61808 -0.6088 -0.60688 -0.6216 -0.60912 -0.62208 -0.61472 -0.6172319999999999
1.06 -0.60848 -0.62336 -0.62608 -0.62288 -0.61888 -0.6176 -0.6168 -0.61568 -0.61136 -0.6008 -0.6161920000000001
1.07 -0.62352 -0.62704 -0.61568 -0.6128 -0.61616 -0.62016 -0.60736 -0.60464 -0.6096 -0.61376 -0.6150720000000001
1.08 -0.60416 -0.61968 -0.60976 -0.62656 -0.6048 -0.62528 -0.61264 -0.60768 -0.62992 -0.61712 -0.6157600000000001
1.09 -0.62144 -0.612 -0.60032 -0.61792 -0.61456 -0.61696 -0.60976 -0.61072 -0.63536 -0.6032 -0.6142239999999999
1.1 -0.62384 -0.62416 -0.6192 -0.61952 -0.61696 -0.6192 -0.61408 -0.62096 -0.62064 -0.61664 -0.61952
1.11 -0.60256 -0.59888 -0.60016 -0.6096 -0.6128 -0.59856 -0.61264 -0.60384 -0.61952 -0.60032 -0.605888
1.12 -0.61072 -0.61712 -0.60592 -0.5952 -0.61664 -0.61024 -0.60192 -0.60336 -0.6072 -0.61104 -0.607936
1.1300000000000001 -0.60128 -0.6056 -0.61568 -0.6104 -0.6192 -0.61568 -0.5992 -0.59712 -0.61872 -0.6064 -0.6089279999999999
1.1400000000000001 -0.6088 -0.6024 -0.61312 -0.608 -0.59856 -0.608 -0.6 -0.6 -0.60896 -0.60512 -0.605296
1.1500000000000001 -0.60704 -0.61136 -0.60304 -0.60896 -0.60512 -0.60336 -0.61904 -0.60448 -0.60544 -0.5992 -0.6067039999999999
1.16 -0.60128 -0.59456 -0.604 -0.59168 -0.60192 -0.58624 -0.61312 -0.59696 -0.59584 -0.61472 -0.600032
1.17 -0.60256 -0.59568 -0.59632 -0.60768 -0.61632 -0.59136 -0.59936 -0.59264 -0.60688 -0.61232 -0.602112
1.18 -0.61104 -0.59456 -0.59072 -0.59552 -0.59152 -0.61664 -0.60816 -0.60944 -0.59376 -0.58912 -0.600048
1.19 -0.6136 -0.59392 -0.58688 -0.59568 -0.59808 -0.62432 -0.60176 -0.5952 -0.60192 -0.61264 -0.6024
1.2 -0.59664 -0.60064 -0.59776 -0.58896 -0.57904 -0.59824 -0.5952 -0.59104 -0.59072 -0.6032 -0.594144
1.21 -0.58432 -0.5984 -0.60688 -0.58464 -0.58736 -0.5968 -0.59232 -0.59328 -0.59584 -0.58752 -0.592736
1.22 -0.584 -0.58256 -0.60128 -0.5976 -0.6072 -0.59776 -0.5944 -0.61264 -0.59072 -0.5976 -0.596576
1.23 -0.60032 -0.5864 -0.588 -0.59392 -0.59136 -0.59456 -0.60576 -0.6016 -0.60464 -0.59984 -0.5966400000000001
1.24 -0.60304 -0.60384 -0.60368 -0.59936 -0.59472 -0.59408 -0.60032 -0.58896 -0.584 -0.5928 -0.59648
1.25 -0.60368 -0.58496 -0.58384 -0.58528 -0.59936 -0.59648 -0.57984 -0.59808 -0.57888 -0.59392 -0.590432
1.26 -0.5888 -0.58304 -0.59008 -0.59024 -0.58496 -0.59232 -0.58592 -0.5928 -0.58384 -0.58048 -0.587248
1.27 -0.58928 -0.58192 -0.58032 -0.5848 -0.5872 -0.5896 -0.58288 -0.58416 -0.60768 -0.58496 -0.58728
1.28 -0.5952 -0.5808 -0.58816 -0.59184 -0.59936 -0.5928 -0.59136 -0.58336 -0.59408 -0.58976 -0.590672
1.29 -0.57904 -0.59392 -0.58384 -0.59648 -0.59952 -0.59056 -0.58912 -0.59344 -0.58704 -0.58 -0.589296
1.3 -0.584 -0.58832 -0.58928 -0.5872 -0.58784 -0.58128 -0.58352 -0.58352 -0.57632 -0.58864 -0.584992
1.31 -0.57936 -0.58256 -0.58416 -0.58896 -0.5832 -0.58928 -0.58736 -0.58912 -0.58288 -0.59376 -0.586064
1.32 -0.58672 -0.59632 -0.58784 -0.57936 -0.58384 -0.5768 -0.57376 -0.58784 -0.57584 -0.58192 -0.5830240000000001
1.33 -0.57984 -0.60112 -0.57728 -0.59088 -0.57488 -0.5776 -0.58128 -0.59008 -0.56928 -0.58032 -0.5822559999999999
1.34 -0.588 -0.57984 -0.58064 -0.56144 -0.58112 -0.57248 -0.58208 -0.58944 -0.58896 -0.58096 -0.580496
1.35 -0.57008 -0.5744 -0.59008 -0.58848 -0.58624 -0.57824 -0.58016 -0.5752 -0.56896 -0.57072 -0.5782559999999999
1.36 -0.57296 -0.59328 -0.57536 -0.57792 -0.5904 -0.5696 -0.58048 -0.5776 -0.56592 -0.58512 -0.578864
1.37 -0.58352 -0.57488 -0.57536 -0.57008 -0.58848 -0.5944 -0.57632 -0.56736 -0.56256 -0.57296 -0.576592
1.3800000000000001 -0.58 -0.5648 -0.58608 -0.5784 -0.57136 -0.57248 -0.57888 -0.58784 -0.56832 -0.57952 -0.5767680000000001
1.3900000000000001 -0.57264 -0.57344 -0.5696 -0.58768 -0.58416 -0.57152 -0.5808 -0.5904 -0.5752 -0.57712 -0.5782559999999999
1.4000000000000001 -0.58192 -0.56848 -0.5608 -0.57776 -0.58144 -0.56768 -0.57488 -0.5776 -0.5856 -0.58304 -0.5759200000000002
1.41 -0.58976 -0.57488 -0.5824 -0.56944 -0.57584 -0.56672 -0.56496 -0.57088 -0.58752 -0.56352 -0.574592
1.42 -0.57056 -0.584 -0.57536 -0.57952 -0.57376 -0.58672 -0.58192 -0.5856 -0.56976 -0.58064 -0.578784
1.43 -0.57024 -0.56592 -0.57232 -0.5864 -0.5736 -0.55184 -0.5672 -0.56736 -0.57568 -0.58672 -0.571728
1.44 -0.57808 -0.5744 -0.56832 -0.57504 -0.57632 -0.55376 -0.584 -0.56784 -0.56784 -0.5792 -0.5724800000000001
1.45 -0.58448 -0.56976 -0.56688 -0.58352 -0.5736 -0.56544 -0.57104 -0.57024 -0.56912 -0.57072 -0.57248
1.46 -0.57456 -0.58048 -0.55984 -0.56448 -0.5648 -0.58016 -0.58048 -0.58384 -0.58144 -0.56976 -0.5739839999999999
1.47 -0.58576 -0.54928 -0.5792 -0.57472 -0.5592 -0.57008 -0.57024 -0.56192 -0.56768 -0.57968 -0.5697760000000001
1.48 -0.56304 -0.56256 -0.57296 -0.5608 -0.57376 -0.57776 -0.56496 -0.5776 -0.56352 -0.56704 -0.5684000000000001
1.49 -0.57472 -0.56016 -0.55936 -0.56496 -0.55552 -0.58224 -0.56176 -0.55344 -0.5696 -0.57728 -0.565904
1.5 -0.56016 -0.55328 -0.57136 -0.57536 -0.56656 -0.57888 -0.5896 -0.56368 -0.56912 -0.56 -0.5687999999999999
