0.01 -0.954067 -1.01393 -0.984
0.02 -0.962186 -1.00421 -0.9832000000000001
0.03 -0.966641 -1.00616 -0.9864
0.04 -0.958685 -1.00928 -0.9839839999999999
0.05 -0.958915 -1.01542 -0.9871680000000002
0.06 -0.950247 -1.02348 -0.986864
0.07 -0.95186 -1.01147 -0.981664
0.08 -0.959177 -1.00114 -0.9801599999999999
0.09 -0.965111 -1.0097 -0.987408
0.1 -0.965931 -1.00239 -0.9841599999999999
0.11 -0.959906 -1.00262 -0.9812640000000001
0.12 -0.965349 -1.00665 -0.986
0.13 -0.934638 -1.02783 -0.981232
0.14 -0.96224 -1.00694 -0.9845919999999999
0.15 -0.961663 -1.00269 -0.9821760000000002
0.16 -0.941965 -1.01496 -0.9784639999999998
0.17 -0.963683 -0.992669 -0.9781759999999998
0.18 -0.94776 -0.997616 -0.9726880000000001
0.19 -0.923415 -0.995369 -0.9593919999999999
0.2 -0.932099 -0.990685 -0.9613919999999998
0.21 -0.917803 -0.977109 -0.9474560000000001
0.22 -0.903762 -0.96555 -0.934656
0.23 -0.885231 -0.947313 -0.9162719999999999
0.24 -0.883479 -0.916201 -0.89984
0.25 -0.853007 -0.896273 -0.87464
0.26 -0.825943 -0.854281 -0.8401120000000001
0.27 -0.769478 -0.835866 -0.8026719999999999
0.28 -0.713996 -0.771732 -0.7428639999999999
0.29 -0.615853 -0.688947 -0.6524
0.3 -0.572445 -0.628995 -0.6007200000000001
0.31 -0.538501 -0.581691 -0.5600959999999999
0.32 -0.47405 -0.56595 -0.52
0.33 -0.480739 -0.528861 -0.5047999999999999
0.34 -0.459183 -0.496305 -0.47774399999999995
0.35000000000000003 -0.445261 -0.469971 -0.4576160000000001
0.36 -0.412776 -0.463864 -0.43832000000000004
0.37 -0.373968 -0.449936 -0.41195200000000004
0.38 -0.382007 -0.426889 -0.4044479999999999
0.39 -0.362247 -0.405497 -0.38387200000000005
0.4 -0.346499 -0.398141 -0.37232
0.41000000000000003 -0.333032 -0.389784 -0.361408
0.42 -0.327233 -0.366655 -0.34694400000000003
0.43 -0.304258 -0.364478 -0.33436799999999994
0.44 -0.317086 -0.346146 -0.331616
0.45 -0.297462 -0.340458 -0.31896
0.46 -0.279625 -0.335191 -0.30740799999999996
0.47000000000000003 -0.275744 -0.33392 -0.30483200000000005
0.48 -0.276828 -0.313476 -0.295152
0.49 -0.258104 -0.31508 -0.286592
0.5 -0.255094 -0.29777 -0.27643199999999996
0.51 -0.261802 -0.290646 -0.27622399999999997
0.52 -0.248232 -0.279384 -0.263808
0.53 -0.238736 -0.284464 -0.2616
0.54 -0.235474 -0.268558 -0.252016
0.55 -0.233501 -0.270499 -0.252
0.56 -0.227684 -0.262108 -0.244896
0.5700000000000001 -0.223016 -0.25628 -0.239648
0.58 -0.208551 -0.254009 -0.23128
0.59 -0.202307 -0.255677 -0.228992
0.6 -0.206681 -0.248711 -0.22769600000000004
0.61 -0.193278 -0.247138 -0.22020800000000001
0.62 -0.198284 -0.231604 -0.21494399999999997
0.63 -0.195061 -0.232043 -0.21355200000000002
0.64 -0.193712 -0.222416 -0.20806400000000003
0.65 -0.180463 -0.223633 -0.202048
0.66 -0.17844 -0.22476 -0.2016
0.67 -0.180734 -0.220034 -0.20038399999999998
0.68 -0.169629 -0.215683 -0.192656
0.6900000000000001 -0.172979 -0.205389 -0.18918399999999996
0.7000000000000001 -0.165048 -0.209032 -0.18703999999999998
0.71 -0.165764 -0.20422 -0.18499200000000002
0.72 -0.153569 -0.201151 -0.17736
0.73 -0.16281 -0.191718 -0.177264
0.74 -0.157852 -0.192516 -0.17518399999999998
0.75 -0.152205 -0.194675 -0.17343999999999998
0.76 -0.155354 -0.190406 -0.17287999999999998
0.77 -0.141571 -0.195357 -0.168464
0.78 -0.139646 -0.193858 -0.166752
0.79 -0.143477 -0.191787 -0.16763199999999998
0.8 -0.1473 -0.18854 -0.16792
0.81 -0.142811 -0.178917 -0.160864
0.8200000000000001 -0.143231 -0.179713 -0.161472
0.8300000000000001 -0.126256 -0.184848 -0.155552
0.84 -0.131685 -0.180379 -0.156032
0.85 -0.129793 -0.172831 -0.15131199999999997
0.86 -0.136981 -0.168747 -0.15286400000000003
0.87 -0.124075 -0.171701 -0.147888
0.88 -0.132689 -0.163663 -0.14817600000000003
0.89 -0.125369 -0.172679 -0.149024
0.9 -0.132588 -0.152276 -0.14243200000000003
0.91 -0.115321 -0.167271 -0.141296
0.92 -0.115347 -0.173261 -0.14430400000000002
0.93 -0.127749 -0.157339 -0.14254399999999998
0.9400000000000001 -0.111939 -0.153213 -0.13257599999999997
0.9500000000000001 -0.122016 -0.153088 -0.137552
0.96 -0.117275 -0.157701 -0.137488
0.97 -0.118136 -0.146408 -0.132272
0.98 -0.112522 -0.157718 -0.13512
0.99 -0.117529 -0.138631 -0.12808
1.0 -0.0962706 -0.160049 -0.12816
1.01 -0.115471 -0.137937 -0.12670399999999998
1.02 -0.114657 -0.134367 -0.124512
1.03 -0.105608 -0.14604 -0.125824
1.04 -0.11104 -0.133088 -0.12206399999999999
1.05 -0.0976022 -0.146494 -0.122048
1.06 -0.0956104 -0.138246 -0.116928
1.07 -0.101045 -0.144107 -0.12257599999999998
1.08 -0.103919 -0.129393 -0.11665600000000001
1.09 -0.0937081 -0.138228 -0.11596799999999999
1.1 -0.0927455 -0.139286 -0.11601600000000001
1.11 -0.0957686 -0.125703 -0.11073599999999999
1.12 -0.0959141 -0.130102 -0.11300800000000003
1.1300000000000001 -0.0963531 -0.130879 -0.11361600000000001
1.1400000000000001 -0.0824094 -0.140023 -0.11121600000000001
1.1500000000000001 -0.095273 -0.130199 -0.11273600000000002
1.16 -0.0933216 -0.125974 -0.10964800000000001
1.17 -0.0914152 -0.126601 -0.109008
1.18 -0.0914914 -0.129917 -0.110704
1.19 -0.0913328 -0.120731 -0.10603199999999999
1.2 -0.0952183 -0.123758 -0.10948799999999999
1.21 -0.0896391 -0.115993 -0.10281599999999999
1.22 -0.0862036 -0.120292 -0.10324799999999998
1.23 -0.0835846 -0.115167 -0.09937599999999999
1.24 -0.0836296 -0.119954 -0.101792
1.25 -0.0854801 -0.118136 -0.10180800000000001
1.26 -0.0857812 -0.107499 -0.09663999999999999
1.27 -0.0798558 -0.11432 -0.097088
1.28 -0.0800454 -0.120371 -0.10020799999999999
1.29 -0.0879071 -0.117341 -0.102624
1.3 -0.0765812 -0.120987 -0.09878400000000001
1.31 -0.075378 -0.12139 -0.098384
1.32 -0.082174 -0.115938 -0.09905599999999999
1.33 -0.0736531 -0.117099 -0.09537600000000002
1.34 -0.0701986 -0.118569 -0.094384
1.35 -0.0693193 -0.116633 -0.092976
1.36 -0.0689218 -0.11911 -0.094016
1.37 -0.0712907 -0.113733 -0.092512
1.3800000000000001 -0.0718815 -0.110103 -0.090992
1.3900000000000001 -0.072142 -0.107634 -0.089888
1.4000000000000001 -0.0817633 -0.105789 -0.093776
1.41 -0.0701861 -0.109846 -0.090016
1.42 -0.0696389 -0.104441 -0.08704
1.43 -0.067644 -0.106276 -0.08696
1.44 -0.0682776 -0.11089 -0.089584
1.45 -0.0577062 -0.117078 -0.087392
1.46 -0.066856 -0.104952 -0.08590400000000001
1.47 -0.0706324 -0.103448 -0.08704
1.48 -0.06227 -0.109538 -0.08590400000000001
1.49 -0.0693464 -0.101726 -0.085536
1.5 -0.0638503 -0.10863 -0.08623999999999998
