0.01 -0.984 -0.976 -0.976 -0.992 -0.968 -0.984 -0.992 -1.0 -0.976 -0.992 -0.984
0.02 -0.976 -0.992 -0.976 -0.976 -0.992 -0.984 -0.984 -0.984 -0.992 -0.976 -0.9832000000000001
0.03 -0.992 -0.984 -0.992 -0.992 -0.992 -0.984 -0.984 -0.976 -0.976 -0.992 -0.9864
0.04 -1.0 -0.976 -0.984 -0.992 -0.992 -0.976 -0.98384 -0.976 -0.984 -0.976 -0.9839839999999999
0.05 -0.98384 -0.992 -0.976 -0.976 -0.984 -1.0 -0.992 -1.0 -0.97584 -0.992 -0.9871680000000002
0.06 -1.0 -0.99184 -0.95968 -0.99168 -0.99184 -0.99168 -0.9752 -0.98368 -0.98304 -1.0 -0.986864
0.07 -0.98336 -0.99152 -0.9832 -0.9592 -0.98336 -0.97472 -0.97536 -0.99152 -0.9832 -0.9912 -0.981664
0.08 -0.9752 -0.98304 -0.9736 -0.98304 -0.9744 -0.9912 -0.97424 -0.98192 -0.97376 -0.9912 -0.9801599999999999
0.09 -1.0 -0.98144 -0.98224 -0.98224 -0.99104 -0.99936 -0.98192 -0.99104 -0.98256 -0.98224 -0.987408
0.1 -0.98048 -0.99088 -0.98192 -0.9816 -0.9904 -0.99024 -0.9816 -0.97232 -0.99008 -0.98208 -0.9841599999999999
0.11 -0.98096 -0.98016 -0.99008 -0.96992 -0.98112 -0.9808 -0.97904 -0.99008 -0.9712 -0.98928 -0.9812640000000001
0.12 -0.98864 -0.97872 -0.97936 -0.98928 -0.99968 -0.9776 -0.98864 -0.98816 -0.98944 -0.98048 -0.986
0.13 -0.96944 -0.988 -0.99824 -0.96576 -0.95728 -0.98912 -0.99904 -0.96848 -0.99936 -0.9776 -0.981232
0.14 -0.99472 -0.98448 -0.98576 -0.98656 -0.98496 -0.98576 -0.97584 -0.97536 -0.97568 -0.9968 -0.9845919999999999
0.15 -0.99312 -0.98208 -0.97152 -0.98144 -0.98064 -0.97216 -0.98176 -0.98336 -0.9848 -0.99088 -0.9821760000000002
0.16 -0.97968 -0.9744 -0.9928 -0.99056 -0.97952 -0.9576 -0.96768 -0.98976 -0.988 -0.96464 -0.9784639999999998
0.17 -0.97664 -0.97408 -0.97728 -0.98832 -0.97808 -0.9784 -0.9752 -0.97392 -0.98512 -0.97472 -0.9781759999999998
0.18 -0.97872 -0.9704 -0.968 -0.9824 -0.96576 -0.97504 -0.98592 -0.97424 -0.95808 -0.96832 -0.9726880000000001
0.19 -0.97344 -0.94864 -0.964 -0.93936 -0.94736 -0.9536 -0.9624 -0.96208 -0.9656 -0.97744 -0.9593919999999999
0.2 -0.96624 -0.95248 -0.94784 -0.96672 -0.96384 -0.97328 -0.94464 -0.9616 -0.9664 -0.97088 -0.9613919999999998
0.21 -0.93072 -0.94048 -0.96544 -0.94544 -0.94528 -0.94512 -0.9576 -0.95664 -0.94336 -0.94448 -0.9474560000000001
0.22 -0.92112 -0.92848 -0.94592 -0.9344 -0.9392 -0.94112 -0.9408 -0.94128 -0.94032 -0.91392 -0.934656
0.23 -0.9144 -0.89744 -0.9368 -0.91472 -0.9096 -0.91088 -0.92608 -0.91968 -0.91648 -0.91664 -0.9162719999999999
0.24 -0.89488 -0.90496 -0.89824 -0.90624 -0.89984 -0.89872 -0.89376 -0.90016 -0.89264 -0.90896 -0.89984
0.25 -0.87088 -0.8856 -0.86496 -0.87952 -0.86544 -0.87904 -0.87472 -0.88336 -0.86864 -0.87424 -0.87464
0.26 -0.83776 -0.84528 -0.83424 -0.8384 -0.8432 -0.8432 -0.84064 -0.8456 -0.8416 -0.8312 -0.8401120000000001
0.27 -0.7992 -0.80448 -0.81248 -0.78976 -0.81904 -0.8096 -0.79456 -0.7848 -0.79952 -0.81328 -0.8026719999999999
0.28 -0.75824 -0.73696 -0.7336 -0.74176 -0.74752 -0.73888 -0.7432 -0.75088 -0.75184 -0.72576 -0.7428639999999999
0.29 -0.65104 -0.62896 -0.64112 -0.63888 -0.65968 -0.66112 -0.656 -0.66032 -0.65984 -0.66704 -0.6524
0.3 -0.6048 -0.58352 -0.60352 -0.60976 -0.6064 -0.6112 -0.5848 -0.60208 -0.60048 -0.60064 -0.6007200000000001
0.31 -0.55152 -0.56592 -0.5496 -0.56816 -0.55936 -0.55728 -0.55984 -0.55376 -0.5648 -0.57072 -0.5600959999999999
0.32 -0.5352 -0.53776 -0.53264 -0.53632 -0.5 -0.49568 -0.5184 -0.51136 -0.52096 -0.51168 -0.52
0.33 -0.50048 -0.4912 -0.50304 -0.51024 -0.51088 -0.50832 -0.52064 -0.50048 -0.50128 -0.50144 -0.5047999999999999
0.34 -0.47504 -0.48096 -0.4776 -0.47472 -0.47664 -0.48448 -0.47856 -0.46624 -0.47424 -0.48896 -0.47774399999999995
0.35000000000000003 -0.46496 -0.456 -0.45408 -0.45456 -0.45408 -0.46192 -0.46016 -0.45648 -0.4528 -0.46112 -0.4576160000000001
0.36 -0.44352 -0.42992 -0.45184 -0.43104 -0.44464 -0.44032 -0.44672 -0.43344 -0.42496 -0.4368 -0.43832000000000004
0.37 -0.40736 -0.40592 -0.41712 -0.41104 -0.43136 -0.39456 -0.40304 -0.39744 -0.42464 -0.42704 -0.41195200000000004
0.38 -0.41584 -0.40464 -0.40176 -0.40736 -0.41424 -0.39328 -0.40224 -0.3968 -0.41024 -0.39808 -0.4044479999999999
0.39 -0.37904 -0.3912 -0.3936 -0.37264 -0.38912 -0.3736 -0.38544 -0.38048 -0.38848 -0.38512 -0.38387200000000005
0.4 -0.37376 -0.37104 -0.37104 -0.37584 -0.36704 -0.3808 -0.35152 -0.37584 -0.3824 -0.37392 -0.37232
0.41000000000000003 -0.37952 -0.3496 -0.35792 -0.3688 -0.37168 -0.35376 -0.36176 -0.35792 -0.35168 -0.36144 -0.361408
0.42 -0.34416 -0.35184 -0.34752 -0.34816 -0.35568 -0.33312 -0.35344 -0.34096 -0.34944 -0.34512 -0.34694400000000003
0.43 -0.34528 -0.3328 -0.34624 -0.32096 -0.33296 -0.33376 -0.328 -0.33824 -0.34688 -0.31856 -0.33436799999999994
0.44 -0.33456 -0.32656 -0.32304 -0.32784 -0.32928 -0.33488 -0.33504 -0.3352 -0.33856 -0.3312 -0.331616
0.45 -0.31904 -0.33232 -0.3184 -0.3224 -0.32624 -0.31584 -0.31184 -0.31856 -0.31856 -0.3064 -0.31896
0.46 -0.30304 -0.31424 -0.30896 -0.31488 -0.3024 -0.28976 -0.30832 -0.31728 -0.31792 -0.29728 -0.30740799999999996
0.47000000000000003 -0.29808 -0.29264 -0.31312 -0.28928 -0.31104 -0.30896 -0.31584 -0.30208 -0.30064 -0.31664 -0.30483200000000005
0.48 -0.2896 -0.30192 -0.28496 -0.29808 -0.30384 -0.3 -0.29376 -0.29408 -0.28864 -0.29664 -0.295152
0.49 -0.27504 -0.28112 -0.27504 -0.28928 -0.28304 -0.29152 -0.30224 -0.29808 -0.292 -0.27856 -0.286592
0.5 -0.28592 -0.28464 -0.27968 -0.28592 -0.27056 -0.2688 -0.26768 -0.27552 -0.27344 -0.27216 -0.27643199999999996
0.51 -0.27696 -0.27456 -0.27296 -0.27456 -0.28496 -0.27168 -0.27664 -0.26896 -0.27888 -0.28208 -0.27622399999999997
0.52 -0.2632 -0.2688 -0.26112 -0.27008 -0.268 -0.25248 -0.26768 -0.26304 -0.26272 -0.26096 -0.263808
0.53 -0.27024 -0.26112 -0.26592 -0.25712 -0.25888 -0.26688 -0.2464 -0.25888 -0.27264 -0.25792 -0.2616
0.54 -0.25888 -0.26048 -0.25072 -0.2472 -0.25072 -0.24096 -0.252 -0.25264 -0.25216 -0.2544 -0.252016
0.55 -0.26 -0.2552 -0.25792 -0.2424 -0.24192 -0.2568 -0.25072 -0.25472 -0.25056 -0.24976 -0.252
0.56 -0.24064 -0.24544 -0.2568 -0.24272 -0.24592 -0.23904 -0.24336 -0.24864 -0.23712 -0.24928 -0.244896
0.5700000000000001 -0.23904 -0.24064 -0.24016 -0.22608 -0.24224 -0.23728 -0.23984 -0.24016 -0.24768 -0.24336 -0.239648
0.58 -0.2344 -0.22864 -0.21776 -0.2328 -0.24192 -0.232 -0.22224 -0.228 -0.24144 -0.2336 -0.23128
0.59 -0.24016 -0.23472 -0.22256 -0.2352 -0.2344 -0.23664 -0.22112 -0.2184 -0.21472 -0.232 -0.228992
0.6 -0.23328 -0.22816 -0.23168 -0.21408 -0.22208 -0.22096 -0.23248 -0.23808 -0.22736 -0.2288 -0.22769600000000004
0.61 -0.22816 -0.22512 -0.22768 -0.21408 -0.23088 -0.21616 -0.22368 -0.21584 -0.20064 -0.21984 -0.22020800000000001
0.62 -0.21872 -0.22096 -0.21728 -0.20976 -0.2144 -0.20448 -0.22192 -0.20928 -0.21584 -0.2168 -0.21494399999999997
0.63 -0.21024 -0.21216 -0.21536 -0.21584 -0.21808 -0.20688 -0.22544 -0.21008 -0.20416 -0.21728 -0.21355200000000002
0.64 -0.20864 -0.2096 -0.21312 -0.2136 -0.20528 -0.19984 -0.20608 -0.2072 -0.20288 -0.2144 -0.20806400000000003
0.65 -0.19808 -0.1936 -0.20272 -0.19728 -0.21584 -0.19952 -0.1928 -0.2072 -0.208 -0.20544 -0.202048
0.66 -0.2136 -0.19328 -0.19568 -0.19984 -0.20336 -0.20512 -0.18752 -0.20608 -0.20288 -0.20864 -0.2016
0.67 -0.20272 -0.21104 -0.18704 -0.20256 -0.20128 -0.19872 -0.1984 -0.20496 -0.1936 -0.20352 -0.20038399999999998
0.68 -0.18896 -0.19056 -0.19024 -0.19456 -0.20624 -0.19712 -0.19456 -0.17616 -0.19104 -0.19712 -0.192656
0.6900000000000001 -0.19456 -0.19552 -0.18384 -0.18016 -0.18624 -0.18832 -0.19248 -0.19648 -0.18624 -0.188 -0.18918399999999996
0.7000000000000001 -0.19888 -0.17568 -0.18032 -0.18608 -0.18432 -0.19472 -0.18688 -0.1864 -0.19552 -0.1816 -0.18703999999999998
0.71 -0.18512 -0.18432 -0.192 -0.19664 -0.17808 -0.18112 -0.17952 -0.1848 -0.17744 -0.19088 -0.18499200000000002
0.72 -0.1712 -0.16864 -0.17264 -0.16656 -0.18976 -0.17392 -0.18752 -0.18 -0.1816 -0.18176 -0.17736
0.73 -0.18096 -0.1752 -0.17232 -0.16976 -0.17952 -0.17472 -0.18624 -0.176 -0.17664 -0.18128 -0.177264
0.74 -0.17648 -0.17328 -0.18128 -0.18592 -0.17392 -0.17248 -0.1744 -0.16816 -0.17904 -0.16688 -0.17518399999999998
0.75 -0.17824 -0.17872 -0.172 -0.18144 -0.16976 -0.16016 -0.1776 -0.18064 -0.16528 -0.17056 -0.17343999999999998
0.76 -0.17728 -0.17712 -0.17312 -0.16528 -0.17792 -0.17248 -0.164 -0.17696 -0.1656 -0.17904 -0.17287999999999998
0.77 -0.17504 -0.16368 -0.18 -0.17584 -0.172 -0.15312 -0.16496 -0.16528 -0.17728 -0.15744 -0.168464
0.78 -0.15424 -0.16048 -0.1728 -0.15152 -0.1736 -0.16656 -0.17088 -0.17456 -0.16432 -0.17856 -0.166752
0.79 -0.16144 -0.16096 -0.1536 -0.17424 -0.17616 -0.17152 -0.17728 -0.16304 -0.16384 -0.17424 -0.16763199999999998
0.8 -0.17008 -0.16528 -0.15392 -0.1648 -0.16848 -0.1608 -0.17424 -0.17152 -0.17392 -0.17616 -0.16792
0.81 -0.15328 -0.16592 -0.16672 -0.16016 -0.1616 -0.15776 -0.17008 -0.15088 -0.16368 -0.15856 -0.160864
0.8200000000000001 -0.14672 -0.15744 -0.164 -0.16208 -0.1608 -0.16688 -0.16272 -0.16208 -0.16288 -0.16912 -0.161472
0.8300000000000001 -0.1624 -0.16064 -0.1576 -0.16992 -0.1616 -0.14912 -0.13792 -0.15296 -0.16032 -0.14304 -0.155552
0.84 -0.144 -0.14704 -0.16208 -0.15792 -0.15216 -0.14816 -0.16656 -0.15408 -0.16544 -0.16288 -0.156032
0.85 -0.14256 -0.15152 -0.15104 -0.14608 -0.14864 -0.1488 -0.15696 -0.14656 -0.16832 -0.15264 -0.15131199999999997
0.86 -0.15408 -0.15808 -0.15344 -0.156 -0.144 -0.1528 -0.14976 -0.15504 -0.16048 -0.14496 -0.15286400000000003
0.87 -0.13968 -0.16368 -0.14064 -0.14336 -0.14688 -0.15184 -0.15248 -0.14672 -0.13856 -0.15504 -0.147888
0.88 -0.15072 -0.14768 -0.144 -0.14544 -0.1544 -0.1488 -0.1496 -0.13696 -0.14976 -0.1544 -0.14817600000000003
0.89 -0.15472 -0.16352 -0.14992 -0.13952 -0.15328 -0.15536 -0.14272 -0.13872 -0.14448 -0.148 -0.149024
0.9 -0.1464 -0.13776 -0.1448 -0.13904 -0.14432 -0.14016 -0.14288 -0.14464 -0.14592 -0.1384 -0.14243200000000003
0.91 -0.132 -0.1384 -0.15232 -0.14112 -0.1296 -0.13696 -0.13856 -0.14608 -0.14016 -0.15776 -0.141296
0.92 -0.14208 -0.12368 -0.14304 -0.14352 -0.14816 -0.144 -0.15264 -0.14144 -0.16192 -0.14256 -0.14430400000000002
0.93 -0.15008 -0.14432 -0.13424 -0.14704 -0.1448 -0.14128 -0.1352 -0.1424 -0.14512 -0.14096 -0.14254399999999998
0.9400000000000001 -0.1416 -0.11952 -0.13104 -0.1384 -0.13264 -0.13648 -0.13184 -0.12288 -0.13776 -0.1336 -0.13257599999999997
0.9500000000000001 -0.1392 -0.14784 -0.13536 -0.13104 -0.14112 -0.13024 -0.14096 -0.13552 -0.1384 -0.13584 -0.137552
0.96 -0.15104 -0.13344 -0.13504 -0.14096 -0.136 -0.1336 -0.14208 -0.13872 -0.12528 -0.13872 -0.137488
0.97 -0.1376 -0.12384 -0.13888 -0.13456 -0.1344 -0.12832 -0.1304 -0.1288 -0.13568 -0.13024 -0.132272
0.98 -0.14736 -0.12224 -0.14176 -0.13632 -0.13216 -0.13424 -0.1296 -0.12912 -0.14368 -0.13472 -0.13512
0.99 -0.12816 -0.12976 -0.1232 -0.13536 -0.12832 -0.12352 -0.1264 -0.12896 -0.12672 -0.1304 -0.12808
1.0 -0.13184 -0.11264 -0.13216 -0.13024 -0.14864 -0.12832 -0.11648 -0.13808 -0.12256 -0.12064 -0.12816
1.01 -0.12512 -0.12336 -0.13328 -0.12656 -0.1256 -0.12864 -0.1248 -0.1256 -0.13248 -0.1216 -0.12670399999999998
1.02 -0.1248 -0.13088 -0.12432 -0.12288 -0.12624 -0.12112 -0.1272 -0.11888 -0.1248 -0.124 -0.124512
1.03 -0.12512 -0.12624 -0.116 -0.11616 -0.1368 -0.12832 -0.12176 -0.1328 -0.12432 -0.13072 -0.125824
1.04 -0.12432 -0.1176 -0.11824 -0.12304 -0.11968 -0.1248 -0.128 -0.11984 -0.11888 -0.12624 -0.12206399999999999
1.05 -0.13872 -0.12144 -0.11392 -0.12832 -0.11104 -0.1232 -0.1184 -0.12896 -0.11904 -0.11744 -0.122048
1.06 -0.1176 -0.11344 -0.1064 -0.11552 -0.12208 -0.12032 -0.12016 -0.12928 -0.11872 -0.10576 -0.116928
1.07 -0.12288 -0.1176 -0.10896 -0.12016 -0.12448 -0.11584 -0.12912 -0.12624 -0.12672 -0.13376 -0.12257599999999998
1.08 -0.11872 -0.11856 -0.11232 -0.11936 -0.11216 -0.11776 -0.11248 -0.11792 -0.11232 -0.12496 -0.11665600000000001
1.09 -0.12336 -0.11424 -0.11808 -0.12832 -0.10944 -0.10656 -0.11904 -0.12224 -0.10704 -0.11136 -0.11596799999999999
1.1 -0.12256 -0.11296 -0.10944 -0.1024 -0.11792 -0.11568 -0.11184 -0.13104 -0.11664 -0.11968 -0.11601600000000001
1.11 -0.11792 -0.11936 -0.10464 -0.11088 -0.10736 -0.10688 -0.10864 -0.1064 -0.1112 -0.11408 -0.11073599999999999
1.12 -0.10736 -0.10944 -0.11376 -0.116 -0.1168 -0.12304 -0.11008 -0.11472 -0.10288 -0.116 -0.11300800000000003
1.1300000000000001 -0.1128 -0.11056 -0.11488 -0.1104 -0.11296 -0.12592 -0.10896 -0.12 -0.11392 -0.10576 -0.11361600000000001
1.1400000000000001 -0.11664 -0.12256 -0.1088 -0.1264 -0.10656 -0.10768 -0.09712 -0.09792 -0.11616 -0.11232 -0.11121600000000001
1.1500000000000001 -0.1168 -0.11056 -0.1096 -0.10816 -0.11312 -0.11328 -0.11584 -0.10288 -0.11232 -0.1248 -0.11273600000000002
1.16 -0.10144 -0.10336 -0.1096 -0.10784 -0.116 -0.11248 -0.10944 -0.10848 -0.108 -0.11984 -0.10964800000000001
1.17 -0.10544 -0.12 -0.10272 -0.10528 -0.11872 -0.10496 -0.10848 -0.10832 -0.11024 -0.10592 -0.109008
1.18 -0.1184 -0.10416 -0.11552 -0.11376 -0.10128 -0.1176 -0.10512 -0.11696 -0.10816 -0.10608 -0.110704
1.19 -0.10736 -0.10704 -0.10608 -0.10848 -0.10528 -0.11424 -0.10752 -0.09456 -0.10608 -0.10368 -0.10603199999999999
1.2 -0.10896 -0.1048 -0.11536 -0.1016 -0.1144 -0.11264 -0.1112 -0.11392 -0.10464 -0.10736 -0.10948799999999999
1.21 -0.10656 -0.10592 -0.10432 -0.10496 -0.10432 -0.1016 -0.09408 -0.09696 -0.108 -0.10144 -0.10281599999999999
1.22 -0.10192 -0.10704 -0.11136 -0.10688 -0.09824 -0.10368 -0.09888 -0.09712 -0.1112 -0.09616 -0.10324799999999998
1.23 -0.10576 -0.09568 -0.09792 -0.09952 -0.09184 -0.09712 -0.09936 -0.10416 -0.09408 -0.10832 -0.09937599999999999
1.24 -0.11296 -0.10464 -0.10432 -0.10528 -0.09648 -0.09792 -0.09152 -0.10528 -0.10192 -0.0976 -0.101792
1.25 -0.10448 -0.108 -0.1016 -0.10016 -0.0968 -0.10016 -0.09296 -0.1048 -0.09792 -0.1112 -0.10180800000000001
1.26 -0.09568 -0.09424 -0.09616 -0.0976 -0.09632 -0.09904 -0.0912 -0.09392 -0.1048 -0.09744 -0.09663999999999999
1.27 -0.09904 -0.11056 -0.0968 -0.09712 -0.092 -0.09856 -0.09536 -0.09312 -0.08928 -0.09904 -0.097088
1.28 -0.10016 -0.10368 -0.10896 -0.08848 -0.09616 -0.10336 -0.08992 -0.10544 -0.10464 -0.10128 -0.10020799999999999
1.29 -0.09776 -0.11008 -0.10624 -0.10016 -0.10064 -0.09664 -0.10576 -0.09632 -0.1072 -0.10544 -0.102624
1.3 -0.09408 -0.08768 -0.1048 -0.11232 -0.10112 -0.0984 -0.09824 -0.09424 -0.09136 -0.1056 -0.09878400000000001
1.31 -0.09632 -0.11024 -0.0952 -0.10656 -0.08624 -0.09776 -0.08816 -0.0992 -0.0984 -0.10576 -0.098384
1.32 -0.09984 -0.0984 -0.09264 -0.10832 -0.09312 -0.0992 -0.1048 -0.104 -0.0992 -0.09104 -0.09905599999999999
1.33 -0.0888 -0.09968 -0.09424 -0.10368 -0.09216 -0.10576 -0.09904 -0.09728 -0.0816 -0.09152 -0.09537600000000002
1.34 -0.084 -0.08272 -0.09072 -0.09328 -0.10256 -0.09456 -0.10768 -0.10016 -0.09904 -0.08912 -0.094384
1.35 -0.10752 -0.09008 -0.08208 -0.08 -0.09312 -0.0936 -0.09616 -0.09776 -0.09728 -0.09216 -0.092976
1.36 -0.0952 -0.0848 -0.10176 -0.10464 -0.09072 -0.08336 -0.0944 -0.09632 -0.10544 -0.08352 -0.094016
1.37 -0.10208 -0.08416 -0.09568 -0.09136 -0.092 -0.09152 -0.08864 -0.1032 -0.0808 -0.09568 -0.092512
1.3800000000000001 -0.08704 -0.09072 -0.08848 -0.08944 -0.09984 -0.09712 -0.09488 -0.08016 -0.09792 -0.08432 -0.090992
1.3900000000000001 -0.08704 -0.092 -0.08624 -0.09248 -0.09424 -0.08528 -0.0896 -0.08288 -0.08592 -0.1032 -0.089888
1.4000000000000001 -0.09456 -0.08736 -0.09152 -0.096 -0.08896 -0.09488 -0.09472 -0.09136 -0.09808 -0.10032 -0.093776
1.41 -0.0904 -0.096 -0.09376 -0.1008 -0.08384 -0.08384 -0.08528 -0.08336 -0.08512 -0.09776 -0.090016
1.42 -0.08048 -0.09248 -0.08448 -0.09216 -0.0896 -0.08624 -0.09456 -0.08128 -0.0912 -0.07792 -0.08704
1.43 -0.08448 -0.08704 -0.08912 -0.08848 -0.0888 -0.08352 -0.08704 -0.07312 -0.0992 -0.0888 -0.08696
1.44 -0.08272 -0.09536 -0.0848 -0.08496 -0.08592 -0.07776 -0.0952 -0.09536 -0.09536 -0.0984 -0.089584
1.45 -0.08528 -0.07408 -0.08096 -0.08592 -0.1064 -0.08544 -0.08944 -0.07568 -0.092 -0.09872 -0.087392
1.46 -0.08016 -0.07872 -0.09024 -0.09168 -0.0776 -0.08304 -0.09008 -0.08192 -0.0896 -0.096 -0.08590400000000001
1.47 -0.08416 -0.08672 -0.09584 -0.0832 -0.08096 -0.09168 -0.0912 -0.0832 -0.09296 -0.08048 -0.08704
1.48 -0.07904 -0.08144 -0.10192 -0.08704 -0.07424 -0.09328 -0.08912 -0.08048 -0.08496 -0.08752 -0.08590400000000001
1.49 -0.08432 -0.08816 -0.08192 -0.07904 -0.07696 -0.0832 -0.09216 -0.09328 -0.0872 -0.08912 -0.085536
1.5 -0.08352 -0.08176 -0.07264 -0.0944 -0.0824 -0.08272 -0.09632 -0.09232 -0.09312 -0.0832 -0.08623999999999998
